%YAML:1.0
image_width: 1920
image_height: 1080
camera_matrix: !!opencv-matrix
   rows: 3
   cols: 3
   dt: d
   data: [ 1.0802523265536706e+003, 0., 9.5845239147514269e+002, 0.,
       1.0807954171547844e+003, 5.4291674092394396e+002, 0., 0., 1. ]
distortion_coefficients: !!opencv-matrix
   rows: 1
   cols: 5
   dt: d
   data: [ 7.2933942952602401e-002, -1.1704118894906884e-001,
       -1.6338254150153428e-003, -9.3047906407858522e-004,
       4.9416730692953763e-002 ]
