%YAML:1.0
---
aruco_bc_dict: ARUCO
aruco_bc_nmarkers: 4
aruco_bc_mInfoType: 1
aruco_bc_markers:
   - { id:58, corners:[ [ -1.1999999731779099e-01,
       1.1999999731779099e-01, 0. ], [ 1.1999999731779099e-01,
       1.1999999731779099e-01, 0. ], [ 1.1999999731779099e-01,
       -1.1999999731779099e-01, 0. ], [ -1.1999999731779099e-01,
       -1.1999999731779099e-01, 0. ] ] }
   - { id:59, corners:[ [ -1.7131580412387848e-01,
       6.1000514030456543e-01, -6.0820179060101509e-03 ], [
       -1.7158897221088409e-01, 3.7000793218612671e-01,
       -4.9604577943682671e-03 ], [ -4.1158813238143921e-01,
       3.7027838826179504e-01, -5.5394889786839485e-03 ], [
       -4.1131496429443359e-01, 6.1027562618255615e-01,
       -6.6610490903258324e-03 ] ] }
   - { id:60, corners:[ [ 1.2062958627939224e-01, 3.6823314428329468e-01,
       -2.4920061696320772e-03 ], [ -1.1935400217771530e-01,
       3.7093251943588257e-01, -3.2576653175055981e-03 ], [
       -1.1664266139268875e-01, 6.1088621616363525e-01,
       -7.1134436875581741e-03 ], [ 1.2334092706441879e-01,
       6.0818684101104736e-01, -6.3477843068540096e-03 ] ] }
   - { id:61, corners:[ [ -1.7627894878387451e-01,
       -1.2181004881858826e-01, -1.1670049279928207e-03 ], [
       -4.1627198457717896e-01, -1.2002010643482208e-01,
       -8.0276333028450608e-04 ], [ -4.1448259353637695e-01,
       1.1997292935848236e-01, -1.1706084478646517e-03 ], [
       -1.7448955774307251e-01, 1.1818298697471619e-01,
       -1.5348501037806273e-03 ] ] }
