%YAML:1.0
---
aruco_bc_dict: ARUCO
aruco_bc_nmarkers: 3
aruco_bc_mInfoType: 1
aruco_bc_markers:
   - { id:1, corners:[ [ 5.0357609987258911e-01, 5.9080518782138824e-02,
       -8.4580207476392388e-04 ], [ 5.0358206033706665e-01,
       -6.3911356031894684e-02, 5.6845974177122116e-04 ], [
       3.8058304786682129e-01, -6.3911594450473785e-02,
       1.0628853924572468e-03 ], [ 3.8057711720466614e-01,
       5.9080280363559723e-02, -3.5137642407789826e-04 ] ] }
   - { id:10, corners:[ [ -6.1500001698732376e-02,
       6.1500001698732376e-02, 0. ], [ 6.1500001698732376e-02,
       6.1500001698732376e-02, 0. ], [ 6.1500001698732376e-02,
       -6.1500001698732376e-02, 0. ], [ -6.1500001698732376e-02,
       -6.1500001698732376e-02, 0. ] ] }
   - { id:100, corners:[ [ 5.6852877140045166e-02,
       -1.9718851149082184e-01, 3.3849559258669615e-05 ], [
       5.8734253048896790e-02, -3.2017412781715393e-01,
       3.0269671697169542e-05 ], [ -6.4246289432048798e-02,
       -3.2205539941787720e-01, -1.0864485520869493e-03 ], [
       -6.6127665340900421e-02, -1.9906978309154510e-01,
       -1.0828685481101274e-03 ] ] }
