%YAML:1.0
---
aruco_bc_dict: ARUCO
aruco_bc_nmarkers: 2
aruco_bc_mInfoType: 1
aruco_bc_markers:
   - { id:6, corners:[ [ -8.3499997854232788e-02, 8.3499997854232788e-02,
       0. ], [ 8.3499997854232788e-02, 8.3499997854232788e-02, 0. ], [
       8.3499997854232788e-02, -8.3499997854232788e-02, 0. ], [
       -8.3499997854232788e-02, -8.3499997854232788e-02, 0. ] ] }
   - { id:7, corners:[ [ 7.0128202438354492e-01, 9.1076694428920746e-02,
       -9.2120748013257980e-03 ], [ 8.6825513839721680e-01,
       9.2516638338565826e-02, -1.1837786994874477e-02 ], [
       8.6966848373413086e-01, -7.4468754231929779e-02,
       -1.3534322381019592e-02 ], [ 7.0269536972045898e-01,
       -7.5908698141574860e-02, -1.0908610187470913e-02 ] ] }
