%YAML:1.0
---
image_width: 1920
image_height: 1080
camera_matrix: !!opencv-matrix
   rows: 3
   cols: 3
   dt: f
   data: [ 1.08025232e+03, 0., 9.58452393e+02, 0., 1.08079541e+03,
       5.42916748e+02, 0., 0., 1. ]
distortion_coefficients: !!opencv-matrix
   rows: 1
   cols: 5
   dt: f
   data: [ 7.29325563e-02, -1.17042221e-01, -1.63485145e-03,
       -9.31552204e-04, 4.94160801e-02 ]
