%YAML:1.0
---
aruco_bc_dict: ARUCO
aruco_bc_nmarkers: 3
aruco_bc_mInfoType: 1
aruco_bc_markers:
   - { id:37, corners:[ [ -5.4000001400709152e-02,
       5.4000001400709152e-02, 0. ], [ 5.4000001400709152e-02,
       5.4000001400709152e-02, 0. ], [ 5.4000001400709152e-02,
       -5.4000001400709152e-02, 0. ], [ -5.4000001400709152e-02,
       -5.4000001400709152e-02, 0. ] ] }
   - { id:38, corners:[ [ 5.2360481023788452e-01, 4.2771540582180023e-02,
       -4.9517946317791939e-03 ], [ 6.3158357143402100e-01,
       4.3414987623691559e-02, -6.9919545203447342e-03 ], [
       6.3221198320388794e-01, -6.4580217003822327e-02,
       -7.7929655089974403e-03 ], [ 5.2423322200775146e-01,
       -6.5223664045333862e-02, -5.7528056204319000e-03 ] ] }
   - { id:67, corners:[ [ 6.6058939695358276e-01, 9.5873743295669556e-02,
       3.8836482167243958e-01 ], [ 6.5829569101333618e-01,
       -1.2099623680114746e-02, 3.8906648755073547e-01 ], [
       6.5800720453262329e-01, -1.2795321643352509e-02,
       2.8106912970542908e-01 ], [ 6.6030091047286987e-01,
       9.5178045332431793e-02, 2.8036746382713318e-01 ] ] }
