%YAML:1.0
---
aruco_bc_dict: ARUCO
aruco_bc_nmarkers: 4
aruco_bc_mInfoType: 1
aruco_bc_markers:
   - { id:58, corners:[ [ -1.2049999833106995e-01,
       1.2049999833106995e-01, 0. ], [ 1.2049999833106995e-01,
       1.2049999833106995e-01, 0. ], [ 1.2049999833106995e-01,
       -1.2049999833106995e-01, 0. ], [ -1.2049999833106995e-01,
       -1.2049999833106995e-01, 0. ] ] }
   - { id:59, corners:[ [ 5.9466063976287842e-01, 1.1798505485057831e-01,
       4.6320357359945774e-03 ], [ 8.3544498682022095e-01,
       1.1554045975208282e-01, 1.4526752755045891e-02 ], [
       8.3323323726654053e-01, -1.2538193166255951e-01,
       8.8254958391189575e-03 ], [ 5.9244889020919800e-01,
       -1.2293733656406403e-01, -1.0692202486097813e-03 ] ] }
   - { id:60, corners:[ [ -1.2239378690719604e-01,
       -1.9043448567390442e-01, -1.4832087326794863e-03 ], [
       1.1859969794750214e-01, -1.9012910127639771e-01,
       -3.2277677673846483e-03 ], [ 1.1889316141605377e-01,
       -4.3112328648567200e-01, -4.8770233988761902e-03 ], [
       -1.2210032343864441e-01, -4.3142867088317871e-01,
       -3.1324641313403845e-03 ] ] }
   - { id:61, corners:[ [ 5.9080243110656738e-01,
       -1.8467269837856293e-01, -5.3831492550671101e-05 ], [
       8.3171761035919189e-01, -1.8566623330116272e-01,
       6.2600895762443542e-03 ], [ 8.3098697662353516e-01,
       -4.2645710706710815e-01, -3.7506488151848316e-03 ], [
       5.9007179737091064e-01, -4.2546358704566956e-01,
       -1.0064570233225822e-02 ] ] }
